[[67], [424], [382]]
[[127], [248], [225]]
[[326], [395], [47]]
[[14], [418], [216]]
[[381], [1], [223]]
[[361], [114], [473]]
[[451], [15], [12]]
[[271], [470], [190]]
[[108], [211], [14]]
[[111], [219], [248]]
[[116], [115], [109]]
[[230], [145], [10]]
[[419], [278], [321]]
[[93], [497], [430]]
[[60], [166], [361]]
[[356], [469], [211]]
[[415], [335], [151]]
[[294], [442], [423]]
[[253], [295], [17]]
[[121], [399], [207]]
[[86], [274], [352]]
[[337], [187], [219]]
[[254], [389], [260]]
[[197], [245], [14]]
[[21], [352], [492]]
[[297], [197], [85]]
[[251], [492], [386]]
[[270], [431], [116]]
[[257], [477], [289]]
[[230], [134], [274]]
[[479], [2], [392]]
[[411], [443], [370]]
[[405], [259], [281]]
[[213], [28], [435]]
[[285], [100], [252]]
[[242], [178], [173]]
[[269], [312], [306]]
[[229], [14], [115]]
[[88], [292], [431]]
[[400], [399], [409]]
[[127], [421], [337]]
[[41], [8], [7]]
[[378], [125], [54]]
[[313], [172], [34]]
[[79], [264], [84]]
[[136], [356], [227]]
[[161], [237], [11]]
[[193], [210], [94]]
[[54], [450], [255]]
[[104], [303], [409]]
[[10], [8], [73]]
[[360], [80], [353]]
[[339], [272], [110]]
[[488], [399], [258]]
[[111], [324], [197]]
[[288], [160], [316]]
[[29], [149], [484]]
[[438], [153], [430]]
[[155], [470], [372]]
[[208], [126], [4]]
[[440], [18], [410]]
[[482], [285], [85]]
[[434], [487], [352]]
[[254], [189], [173]]
[[103], [337], [216]]
[[97], [52], [333]]
[[148], [250], [162]]
[[436], [450], [9]]
[[100], [164], [494]]
[[392], [169], [106]]
[[337], [419], [467]]
[[172], [442], [344]]
[[242], [493], [117]]
[[363], [42], [85]]
[[456], [106], [380]]
[[300], [421], [184]]
[[170], [145], [434]]
[[302], [478], [444]]
[[67], [276], [52]]
[[19], [36], [433]]
[[394], [415], [170]]
[[308], [391], [189]]
[[285], [112], [40]]
[[133], [446], [282]]
[[463], [229], [138]]
[[394], [414], [6]]
[[335], [45], [57]]
[[443], [20], [120]]
[[495], [210], [57]]
[[83], [120], [372]]
[[51], [456], [189]]
[[486], [455], [147]]
[[126], [238], [50]]
[[326], [19], [5]]
[[492], [148], [298]]
[[225], [156], [31]]
[[457], [485], [485]]
[[55], [107], [309]]
[[490], [271], [344]]
[[331], [129], [271]]
[[153], [123], [40]]
[[140], [492], [224]]
[[326], [322], [471]]
[[195], [153], [163]]
[[158], [424], [447]]
[[151], [167], [272]]
[[290], [298], [122]]
[[10], [122], [36]]
[[276], [35], [37]]
[[318], [145], [396]]
[[247], [432], [77]]
[[251], [398], [38]]
[[475], [86], [388]]
[[493], [411], [160]]
[[53], [257], [460]]
[[147], [447], [70]]
[[456], [15], [158]]
[[452], [402], [454]]
[[421], [373], [345]]
[[89], [216], [79]]
[[358], [334], [126]]
[[32], [482], [404]]
[[275], [271], [426]]
[[227], [198], [169]]
[[129], [12], [323]]
[[208], [285], [31]]
[[177], [69], [62]]
[[129], [415], [199]]
[[200], [306], [116]]
[[3], [264], [250]]
[[325], [219], [343]]
[[366], [119], [248]]
[[239], [112], [206]]
[[280], [454], [459]]
[[137], [323], [24]]
[[35], [256], [439]]
[[79], [383], [442]]
[[156], [346], [425]]
[[186], [351], [368]]
[[297], [428], [449]]
[[480], [286], [88]]
[[125], [109], [285]]
[[379], [26], [341]]
[[359], [174], [258]]
[[82], [365], [20]]
[[491], [404], [314]]
[[134], [457], [480]]
[[69], [388], [421]]
[[330], [350], [222]]
[[463], [486], [191]]
[[402], [216], [82]]
[[163], [63], [455]]
[[480], [59], [300]]
[[204], [59], [148]]
[[124], [375], [2]]
[[95], [219], [10]]
[[314], [303], [418]]
[[103], [142], [271]]
[[136], [293], [125]]
[[342], [396], [405]]
[[487], [273], [245]]
[[428], [385], [285]]
[[192], [142], [54]]
[[404], [59], [374]]
[[273], [483], [381]]
[[487], [68], [250]]
[[286], [155], [252]]
[[178], [264], [0]]
[[221], [225], [152]]
[[200], [392], [342]]
[[246], [324], [189]]
[[102], [1], [139]]
[[299], [441], [415]]
[[255], [494], [231]]
[[418], [204], [373]]
[[494], [152], [85]]
[[310], [266], [180]]
[[1], [194], [213]]
[[203], [431], [292]]
[[367], [449], [375]]
[[246], [373], [320]]
[[325], [315], [203]]
[[315], [317], [469]]
[[392], [423], [384]]
[[408], [303], [175]]
[[132], [354], [437]]
[[272], [76], [417]]
[[242], [234], [22]]
[[255], [373], [211]]
[[177], [329], [9]]
[[254], [474], [345]]
[[201], [345], [303]]
[[104], [104], [443]]
[[134], [37], [416]]
[[262], [184], [256]]
[[369], [84], [327]]
[[357], [408], [135]]
[[305], [116], [281]]
[[86], [395], [434]]
[[165], [111], [482]]
[[354], [422], [15]]
[[450], [311], [158]]
[[216], [381], [393]]
[[95], [313], [82]]
[[487], [222], [457]]
[[364], [303], [131]]
[[263], [69], [69]]
[[358], [180], [376]]
[[120], [359], [359]]
[[153], [53], [198]]
[[246], [50], [93]]
[[27], [299], [445]]
[[108], [17], [352]]
[[408], [483], [307]]
[[171], [419], [59]]
[[347], [47], [200]]
[[248], [189], [84]]
[[116], [410], [231]]
[[290], [106], [358]]
[[165], [297], [455]]
[[498], [23], [399]]
[[429], [160], [191]]
[[290], [460], [200]]
[[440], [380], [76]]
[[457], [7], [72]]
[[333], [28], [190]]
[[65], [231], [420]]
[[453], [17], [30]]
[[421], [21], [137]]
[[58], [45], [13]]
[[319], [373], [344]]
[[423], [332], [195]]
[[316], [485], [321]]
[[121], [30], [468]]
[[295], [175], [303]]
[[280], [261], [30]]
[[176], [206], [99]]
[[440], [212], [331]]
[[357], [372], [361]]
[[376], [126], [489]]
[[75], [460], [428]]
[[426], [26], [45]]
[[407], [235], [185]]
[[493], [20], [266]]
[[222], [64], [197]]
[[354], [442], [12]]
[[262], [45], [400]]
[[42], [17], [192]]
[[367], [156], [65]]
[[398], [404], [428]]
[[152], [212], [122]]
[[279], [165], [169]]
[[392], [479], [292]]
[[52], [326], [224]]
[[495], [360], [418]]
[[351], [268], [449]]
[[416], [145], [78]]
[[185], [261], [48]]
[[173], [288], [21]]
[[408], [326], [157]]
[[149], [176], [162]]
[[375], [251], [263]]
[[74], [458], [163]]
[[164], [34], [490]]
[[240], [457], [464]]
[[485], [408], [463]]
[[462], [401], [67]]
[[262], [288], [497]]
[[392], [352], [374]]
[[181], [472], [322]]
[[201], [232], [490]]
[[266], [84], [74]]
[[344], [281], [454]]
[[92], [205], [364]]
[[25], [49], [273]]
[[133], [53], [131]]
[[316], [263], [39]]
[[36], [426], [322]]
[[86], [431], [10]]
[[184], [424], [355]]
[[142], [446], [299]]
[[433], [447], [213]]
[[338], [272], [473]]
[[399], [363], [407]]
[[500], [128], [100]]
[[374], [385], [257]]
[[244], [202], [442]]
[[398], [292], [20]]
[[426], [229], [95]]
[[149], [346], [2]]
[[60], [151], [444]]
[[374], [486], [272]]
[[286], [276], [263]]
[[271], [410], [477]]
[[204], [315], [154]]
[[151], [253], [293]]
[[275], [489], [81]]
[[318], [498], [368]]
[[283], [184], [201]]
[[469], [448], [335]]
[[450], [463], [424]]
[[192], [232], [398]]
[[186], [375], [241]]
[[168], [228], [58]]
[[177], [208], [9]]
[[86], [130], [429]]
[[295], [143], [499]]
[[129], [257], [370]]
[[346], [217], [389]]
[[243], [358], [246]]
[[486], [358], [45]]
[[64], [484], [114]]
[[13], [126], [240]]
[[477], [199], [362]]
[[418], [44], [306]]
[[498], [275], [267]]
[[173], [473], [485]]
[[51], [276], [210]]
[[336], [59], [132]]
[[139], [240], [397]]
[[429], [393], [339]]
[[43], [195], [335]]
[[147], [254], [453]]
[[58], [427], [53]]
[[193], [453], [100]]
[[260], [208], [444]]
[[497], [144], [246]]
[[448], [272], [107]]
[[380], [168], [243]]
[[4], [495], [329]]
[[463], [485], [134]]
[[270], [220], [380]]
[[422], [114], [137]]
[[353], [206], [65]]
[[97], [280], [299]]
[[480], [266], [305]]
[[74], [207], [140]]
[[348], [133], [107]]
[[184], [235], [169]]
[[303], [90], [440]]
[[347], [267], [29]]
[[163], [345], [323]]
[[406], [446], [157]]
[[247], [165], [64]]
[[70], [128], [44]]
[[269], [352], [282]]
[[343], [113], [99]]
[[284], [443], [211]]
[[2], [10], [152]]
[[308], [42], [112]]
[[341], [493], [170]]
[[301], [259], [11]]
[[165], [69], [125]]
[[385], [341], [20]]
[[38], [363], [51]]
[[158], [134], [24]]
[[15], [69], [200]]
[[467], [319], [121]]
[[340], [137], [258]]
[[161], [475], [176]]
[[402], [321], [422]]
[[303], [436], [202]]
[[340], [310], [264]]
[[282], [268], [197]]
[[450], [316], [275]]
[[27], [254], [87]]
[[107], [217], [273]]
[[125], [135], [265]]
[[237], [202], [51]]
[[187], [327], [272]]
[[272], [422], [362]]
[[342], [15], [154]]
[[341], [78], [457]]
[[71], [440], [108]]
[[421], [424], [168]]
[[445], [80], [425]]
[[191], [220], [59]]
[[301], [135], [334]]
[[400], [302], [4]]
[[477], [460], [322]]
[[190], [281], [442]]
[[230], [390], [299]]
[[211], [467], [204]]
[[303], [26], [235]]
[[18], [352], [0]]
[[21], [55], [69]]
[[254], [178], [135]]
[[492], [455], [328]]
[[401], [410], [122]]
[[404], [120], [281]]
[[179], [79], [389]]
[[459], [157], [440]]
[[173], [329], [498]]
[[386], [27], [217]]
[[188], [147], [408]]
[[220], [350], [318]]
[[260], [28], [337]]
[[446], [86], [322]]
[[244], [170], [355]]
[[488], [10], [449]]
[[192], [417], [87]]
[[359], [49], [168]]
[[485], [328], [393]]
[[231], [236], [246]]
[[387], [362], [97]]
[[220], [271], [286]]
[[464], [420], [75]]
[[188], [54], [13]]
[[37], [91], [383]]
[[334], [399], [144]]
[[77], [487], [413]]
[[474], [9], [198]]
[[317], [368], [457]]
[[269], [195], [2]]
[[402], [492], [454]]
[[331], [171], [119]]
[[388], [468], [481]]
[[87], [293], [257]]
[[214], [397], [468]]
[[363], [350], [345]]
[[327], [268], [124]]
[[390], [59], [322]]
[[193], [280], [321]]
[[239], [490], [119]]
[[6], [478], [156]]
[[139], [208], [298]]
[[494], [354], [159]]
[[267], [224], [251]]
[[209], [83], [198]]
[[194], [100], [409]]
[[180], [75], [284]]
[[423], [391], [311]]
[[366], [168], [71]]
[[127], [175], [139]]
[[234], [74], [65]]
[[126], [98], [401]]
[[269], [99], [215]]
[[436], [289], [277]]
[[196], [98], [313]]
[[38], [393], [28]]
[[373], [191], [341]]
[[296], [64], [269]]
[[37], [120], [191]]
[[143], [331], [494]]
[[178], [420], [112]]
[[355], [174], [268]]
[[44], [414], [104]]
[[232], [145], [405]]
[[296], [308], [378]]
[[127], [29], [415]]
[[158], [406], [479]]
[[315], [51], [427]]
[[317], [123], [104]]
[[254], [60], [453]]
[[354], [410], [192]]
[[462], [67], [358]]
[[127], [1], [60]]
[[100], [382], [189]]
[[241], [307], [134]]
[[319], [336], [461]]
[[251], [428], [484]]
[[385], [211], [136]]
[[48], [416], [64]]
[[280], [227], [22]]
[[107], [412], [269]]
[[463], [454], [47]]
[[339], [21], [211]]
[[221], [479], [298]]
[[95], [255], [261]]
[[98], [180], [439]]
[[491], [389], [32]]
[[453], [229], [417]]
[[88], [73], [454]]
[[143], [21], [251]]
[[496], [418], [198]]
[[497], [399], [421]]
[[323], [197], [453]]
[[235], [468], [276]]
[[455], [239], [213]]
[[294], [158], [74]]
[[295], [426], [139]]
[[433], [394], [388]]
[[207], [500], [396]]
[[288], [56], [287]]
[[7], [452], [168]]
[[184], [275], [319]]
[[291], [242], [317]]
[[424], [223], [250]]
[[405], [1], [80]]
[[162], [107], [448]]
[[74], [54], [158]]
[[254], [411], [498]]
[[426], [305], [18]]
[[31], [315], [410]]
[[133], [485], [275]]
[[287], [309], [37]]
[[85], [469], [133]]
[[41], [141], [363]]
[[131], [105], [138]]
[[240], [369], [150]]
[[437], [488], [411]]
[[37], [158], [463]]
[[430], [66], [221]]
[[182], [374], [14]]
[[158], [375], [444]]
[[20], [294], [332]]
[[437], [212], [487]]
[[98], [57], [65]]
[[293], [61], [133]]
[[98], [27], [482]]
[[167], [482], [362]]
[[110], [467], [4]]
[[491], [16], [126]]
[[276], [4], [383]]
[[42], [409], [17]]
[[264], [104], [144]]
[[245], [186], [196]]
[[327], [97], [90]]
[[342], [148], [467]]
[[213], [237], [11]]
[[10], [52], [313]]
[[332], [477], [216]]
[[354], [172], [37]]
[[210], [351], [402]]
[[476], [416], [282]]
[[275], [251], [239]]
[[340], [288], [429]]
[[225], [236], [416]]
[[338], [262], [282]]
[[403], [304], [129]]
[[155], [302], [22]]
[[229], [446], [116]]
[[222], [350], [463]]
[[348], [313], [192]]
[[219], [321], [178]]
[[393], [4], [376]]
[[371], [153], [7]]
[[169], [295], [394]]
[[436], [104], [40]]
[[60], [495], [323]]
[[64], [346], [480]]
[[304], [116], [482]]
[[350], [91], [383]]
[[252], [287], [183]]
[[147], [210], [263]]
[[231], [433], [37]]
[[99], [469], [304]]
[[309], [315], [121]]
[[197], [105], [76]]
[[495], [372], [440]]
[[0], [352], [153]]
[[249], [338], [15]]
[[185], [277], [438]]
[[257], [159], [302]]
[[292], [146], [274]]
[[138], [5], [155]]
[[43], [246], [251]]
[[435], [374], [375]]
[[495], [132], [186]]
[[115], [51], [258]]
[[256], [64], [462]]
[[490], [34], [1]]
[[30], [366], [427]]
[[33], [4], [269]]
[[166], [9], [4]]
[[105], [100], [147]]
[[275], [125], [116]]
[[105], [444], [119]]
[[278], [226], [166]]
[[203], [8], [92]]
[[320], [381], [109]]
[[88], [453], [48]]
[[398], [439], [73]]
[[417], [75], [21]]
[[143], [172], [295]]
[[221], [397], [333]]
[[59], [101], [373]]
[[58], [477], [406]]
[[110], [143], [126]]
[[211], [124], [16]]
[[126], [97], [175]]
[[227], [438], [330]]
[[308], [433], [193]]
[[213], [122], [415]]
[[439], [456], [303]]
[[57], [36], [399]]
[[443], [266], [461]]
[[466], [378], [185]]
[[228], [176], [198]]
[[236], [8], [63]]
[[84], [283], [436]]
[[356], [74], [229]]
[[314], [67], [39]]
[[306], [117], [323]]
[[85], [428], [155]]
[[214], [275], [444]]
[[459], [423], [342]]
[[34], [93], [267]]
[[493], [363], [96]]
[[178], [482], [254]]
[[436], [429], [391]]
[[314], [333], [171]]
[[60], [475], [16]]
[[135], [307], [483]]
[[105], [123], [424]]
[[163], [201], [180]]
[[24], [471], [349]]
[[3], [48], [67]]
[[184], [446], [70]]
[[114], [156], [255]]
[[451], [270], [452]]
[[271], [216], [436]]
[[290], [237], [256]]
[[178], [216], [37]]
[[102], [382], [66]]
[[104], [81], [181]]
[[24], [180], [305]]
[[339], [434], [43]]
[[322], [98], [171]]
[[288], [419], [335]]
[[493], [8], [158]]
[[240], [18], [26]]
[[183], [280], [67]]
[[34], [159], [371]]
[[284], [499], [303]]
[[446], [287], [240]]
[[208], [35], [31]]
[[329], [430], [9]]
[[90], [164], [156]]
[[417], [126], [153]]
[[244], [476], [147]]
[[317], [24], [216]]
[[464], [108], [178]]
[[327], [283], [288]]
[[304], [338], [161]]
[[176], [198], [261]]
[[284], [437], [198]]
[[225], [417], [486]]
[[121], [365], [124]]
[[371], [19], [254]]
[[285], [350], [459]]
[[398], [282], [249]]
[[6], [276], [281]]
[[371], [82], [294]]
[[25], [363], [411]]
[[219], [344], [331]]
[[152], [44], [379]]
[[178], [80], [221]]
[[417], [478], [284]]
[[485], [86], [245]]
[[4], [117], [439]]
[[29], [327], [255]]
[[494], [497], [61]]
[[131], [496], [165]]
[[90], [456], [309]]
[[154], [277], [214]]
[[229], [276], [85]]
[[308], [478], [296]]
[[394], [141], [77]]
[[3], [491], [59]]
[[190], [328], [368]]
[[309], [220], [408]]
[[221], [418], [27]]
[[361], [48], [194]]
[[222], [91], [224]]
[[427], [18], [97]]
[[488], [225], [195]]
[[457], [388], [86]]
[[299], [90], [388]]
[[278], [400], [32]]
[[464], [115], [425]]
[[221], [445], [50]]
[[26], [234], [466]]
[[233], [254], [82]]
[[271], [214], [444]]
[[371], [239], [74]]
[[73], [486], [306]]
[[112], [406], [108]]
[[227], [439], [51]]
[[51], [26], [76]]
[[187], [161], [140]]
[[7], [244], [223]]
[[371], [151], [291]]
[[156], [377], [87]]
[[245], [223], [229]]
[[269], [268], [158]]
[[412], [476], [280]]
[[318], [362], [160]]
[[296], [231], [242]]
[[197], [268], [109]]
[[120], [100], [297]]
[[122], [391], [453]]
[[380], [164], [472]]
[[172], [181], [298]]
[[330], [204], [394]]
[[427], [144], [112]]
[[199], [350], [335]]
[[87], [194], [451]]
[[480], [302], [390]]
[[420], [111], [33]]
[[306], [192], [356]]
[[147], [217], [404]]
[[46], [204], [76]]
[[267], [367], [494]]
[[377], [72], [218]]
[[271], [319], [351]]
[[487], [472], [104]]
[[79], [485], [80]]
[[485], [60], [293]]
[[65], [67], [167]]
[[397], [351], [158]]
[[68], [179], [87]]
[[117], [248], [244]]
[[462], [44], [266]]
[[282], [71], [180]]
[[69], [447], [174]]
[[32], [238], [265]]
[[444], [360], [103]]
[[455], [2], [349]]
[[21], [410], [94]]
[[399], [407], [386]]
[[55], [200], [52]]
[[360], [498], [261]]
[[326], [334], [71]]
[[186], [174], [376]]
[[206], [184], [275]]
[[103], [32], [119]]
[[10], [335], [228]]
[[308], [284], [27]]
[[408], [410], [3]]
[[215], [393], [208]]
[[430], [348], [330]]
[[453], [390], [293]]
[[23], [227], [345]]
[[262], [292], [175]]
[[421], [122], [320]]
[[218], [74], [9]]
[[65], [144], [236]]
[[13], [33], [399]]
[[491], [215], [235]]
[[301], [48], [269]]
[[337], [473], [322]]
[[272], [205], [456]]
[[262], [239], [367]]
[[219], [33], [296]]
[[433], [185], [48]]
[[52], [454], [55]]
[[327], [43], [256]]
[[456], [117], [153]]
[[306], [287], [280]]
[[196], [20], [298]]
[[138], [310], [219]]
[[134], [498], [161]]
[[486], [239], [267]]
[[134], [87], [353]]
[[228], [293], [91]]
[[255], [330], [380]]
[[333], [207], [343]]
[[299], [239], [315]]
[[153], [31], [74]]
[[487], [447], [414]]
[[129], [420], [395]]
[[271], [151], [53]]
[[499], [500], [426]]
[[223], [365], [456]]
[[271], [62], [489]]
[[269], [385], [311]]
[[32], [231], [5]]
[[133], [481], [346]]
[[283], [56], [343]]
[[303], [319], [344]]
[[464], [224], [306]]
[[265], [295], [340]]
[[94], [27], [58]]
[[21], [278], [152]]
[[393], [81], [75]]
[[433], [44], [176]]
[[345], [281], [133]]
[[67], [289], [124]]
[[428], [132], [467]]
[[10], [306], [141]]
[[237], [218], [405]]
[[92], [384], [17]]
[[319], [412], [215]]
[[425], [177], [177]]
[[456], [496], [395]]
[[114], [472], [183]]
[[434], [161], [109]]
[[129], [346], [490]]
[[260], [53], [343]]
[[450], [391], [0]]
[[156], [389], [351]]
[[499], [449], [399]]
[[345], [190], [17]]
[[384], [228], [433]]
[[66], [429], [323]]
[[443], [351], [218]]
[[258], [49], [121]]
[[288], [89], [179]]
[[322], [297], [447]]
[[217], [277], [211]]
[[378], [313], [473]]
[[70], [63], [146]]
[[308], [319], [100]]
[[135], [298], [132]]
[[415], [53], [392]]
[[76], [357], [391]]
[[472], [451], [12]]
[[331], [456], [385]]
[[227], [375], [142]]
[[402], [203], [486]]
[[13], [291], [65]]
[[383], [486], [246]]
[[421], [116], [14]]
[[402], [205], [42]]
[[337], [451], [41]]
[[306], [174], [21]]
[[36], [22], [153]]
[[154], [269], [310]]
[[426], [428], [85]]
[[314], [439], [125]]
[[302], [495], [317]]
[[351], [155], [497]]
[[416], [161], [151]]
[[2], [241], [437]]
[[393], [73], [121]]
[[80], [130], [101]]
[[82], [277], [458]]
[[428], [311], [158]]
[[455], [105], [19]]
[[108], [395], [351]]
[[155], [110], [319]]
[[256], [397], [223]]
[[41], [35], [115]]
[[262], [358], [278]]
[[4], [477], [229]]
[[270], [96], [121]]
[[107], [303], [455]]
[[132], [175], [144]]
[[14], [5], [391]]
[[489], [21], [38]]
[[226], [152], [123]]
[[435], [96], [97]]
[[453], [312], [343]]
[[334], [12], [489]]
[[14], [113], [238]]
[[419], [475], [4]]
[[69], [8], [68]]
[[457], [42], [270]]
[[97], [3], [140]]
[[129], [271], [437]]
[[265], [267], [139]]
[[90], [240], [197]]
[[451], [104], [12]]
[[25], [158], [109]]
[[198], [441], [364]]
[[297], [416], [440]]
[[32], [345], [65]]
[[205], [195], [136]]
[[22], [97], [353]]
[[479], [455], [11]]
[[285], [95], [260]]
[[267], [81], [44]]
[[240], [26], [421]]
[[445], [7], [401]]
[[420], [19], [294]]
[[237], [87], [410]]
[[283], [406], [468]]
[[485], [331], [437]]
[[31], [169], [237]]
[[256], [184], [409]]
[[291], [424], [221]]
[[471], [178], [497]]
[[283], [188], [310]]
[[53], [344], [300]]
[[403], [37], [210]]
[[293], [30], [382]]
[[451], [313], [382]]
[[473], [227], [256]]
[[444], [339], [138]]
[[295], [384], [422]]
[[65], [83], [344]]
[[358], [365], [245]]
[[192], [481], [127]]
[[143], [12], [42]]
[[313], [332], [109]]
[[370], [85], [186]]
[[319], [389], [226]]
[[404], [236], [332]]
[[417], [281], [281]]
[[467], [17], [9]]
[[18], [155], [269]]
[[309], [341], [8]]
[[437], [119], [484]]
[[173], [423], [357]]
[[11], [256], [197]]
[[497], [116], [197]]
[[87], [2], [269]]
[[310], [81], [419]]
[[111], [469], [337]]
[[486], [219], [420]]
[[303], [358], [205]]
[[256], [136], [168]]
[[463], [39], [416]]
[[375], [81], [215]]
[[418], [254], [254]]
[[252], [86], [496]]
[[374], [143], [174]]
[[354], [435], [276]]
[[143], [179], [272]]
[[444], [352], [112]]
[[10], [329], [131]]
[[439], [80], [499]]
[[401], [126], [7]]
[[411], [55], [76]]
[[192], [86], [47]]
[[275], [328], [393]]
[[29], [25], [236]]
[[371], [104], [298]]
[[55], [450], [437]]
[[469], [194], [41]]
[[409], [221], [175]]
[[214], [355], [364]]
[[218], [133], [75]]
[[26], [482], [484]]
[[33], [297], [487]]
[[288], [486], [72]]
[[360], [421], [57]]
[[102], [474], [116]]
[[308], [456], [356]]
[[387], [149], [425]]
[[69], [200], [245]]
[[352], [17], [37]]
[[184], [77], [455]]
[[222], [295], [213]]
[[430], [463], [451]]
[[40], [306], [389]]
[[459], [278], [235]]
[[88], [4], [12]]
[[139], [360], [201]]
[[271], [135], [487]]
[[461], [132], [192]]
[[52], [198], [120]]
[[364], [156], [343]]
[[13], [354], [319]]
[[145], [386], [432]]
[[453], [347], [219]]
[[292], [381], [158]]
[[442], [394], [347]]
[[380], [25], [407]]
[[223], [343], [326]]
[[212], [368], [429]]
[[498], [8], [458]]
[[388], [298], [381]]
[[174], [202], [20]]
[[465], [404], [258]]
[[306], [412], [83]]
[[285], [362], [291]]
[[489], [128], [340]]
[[390], [195], [471]]
[[206], [73], [85]]
[[196], [494], [458]]
[[450], [332], [252]]
[[321], [303], [478]]
[[196], [196], [365]]
[[402], [370], [79]]
[[317], [134], [137]]
[[127], [4], [59]]
[[336], [398], [53]]
[[474], [233], [392]]
[[20], [40], [408]]
[[48], [18], [329]]
[[21], [207], [408]]
[[57], [422], [455]]
[[488], [307], [411]]
[[79], [287], [438]]
[[433], [85], [415]]
[[199], [256], [399]]
[[334], [163], [428]]
[[466], [405], [24]]
[[7], [288], [49]]
[[43], [436], [23]]
[[140], [152], [467]]
[[474], [393], [229]]
[[58], [482], [111]]
[[321], [390], [255]]
[[443], [470], [183]]
[[355], [47], [215]]
[[336], [137], [186]]
[[380], [105], [462]]
[[70], [111], [307]]
[[115], [420], [179]]
[[63], [335], [214]]
[[312], [56], [26]]
[[147], [258], [99]]
[[104], [418], [121]]
[[173], [436], [499]]
[[386], [70], [383]]
[[45], [400], [138]]
[[109], [213], [71]]
