67,424,382,69798
127,248,225,89697
326,395,47,69784
14,418,216,79740
381,1,223,59820
361,114,473,49889
451,15,12,59864
271,470,190,59802
108,211,14,99672
111,219,248,79727
116,115,109,89686
230,145,10,99672
419,278,321,39920
93,497,430,69814
60,166,361,79750
356,469,211,59821
415,335,151,39902
294,442,423,49872
253,295,17,89700
121,399,207,79737
86,274,352,79748
337,187,219,69770
254,389,260,59798
197,245,14,99672
21,352,492,69812
297,197,85,79737
251,492,386,59833
270,431,116,59790
257,477,289,49841
230,134,274,79732
479,2,392,39958
411,443,370,29972
405,259,281,49863
213,28,435,79765
285,100,252,59790
242,178,173,89692
269,312,306,59798
229,14,115,89686
88,292,431,79764
400,399,409,39929
127,421,337,69788
41,8,7,99672
378,125,54,69794
313,172,34,79740
79,264,84,99672
136,356,227,79734
161,237,11,99672
193,210,94,89684
54,450,255,69775
104,303,409,79759
10,8,73,99672
360,80,353,59826
339,272,110,69759
488,399,258,29976
111,324,197,79728
288,160,316,59804
29,149,484,79774
438,153,430,39950
155,470,372,69800
208,126,4,99672
440,18,410,39946
482,285,85,59876
434,487,352,29982
254,189,173,79720
103,337,216,79731
97,52,333,79744
148,250,162,89691
436,450,9,49904
100,164,494,79776
392,169,106,59811
337,419,467,49887
172,442,344,69792
242,493,117,79737
363,42,85,69789
456,106,380,39947
300,421,184,59802
170,145,434,79764
302,478,444,49881
67,276,52,99672
19,36,433,79764
394,415,170,49861
308,391,189,59801
285,112,40,79735
133,446,282,69780
463,229,138,49885
394,414,6,59841
335,45,57,79745
443,20,120,49875
495,210,57,59881
83,120,372,79752
51,456,189,79741
486,455,147,39942
126,238,50,99672
326,19,5,79743
492,148,298,39945
225,156,31,99672
457,485,485,20069
55,107,309,79739
490,271,344,39953
331,129,271,59803
153,123,40,99672
140,492,224,79748
326,322,471,49876
195,153,163,89691
158,424,447,69811
151,167,272,79732
290,298,122,69751
10,122,36,99672
276,35,37,79733
318,145,396,59826
247,432,77,89717
251,398,38,79741
475,86,388,39956
493,411,160,39941
53,257,460,79770
147,447,70,89718
456,15,158,49884
452,402,454,20049
421,373,345,29964
89,216,79,99672
358,334,126,59799
32,482,404,69808
275,271,426,59823
227,198,169,89692
129,12,323,79742
208,285,31,99672
177,69,62,99672
129,415,199,79738
200,306,116,89687
3,264,250,79728
325,219,343,59817
366,119,248,49845
239,112,206,89696
280,454,459,49877
137,323,24,89706
35,256,439,79765
79,383,442,69805
156,346,425,69798
186,351,368,69787
297,428,449,49876
480,286,88,59875
125,109,285,79735
379,26,341,49868
359,174,258,59806
82,365,20,89710
491,404,314,29989
134,457,480,69820
69,388,421,69802
330,350,222,59805
463,486,191,39940
402,216,82,69801
163,63,455,79769
480,59,300,39940
204,59,148,89690
124,375,2,89711
95,219,10,99672
314,303,418,59829
103,142,271,79732
136,293,125,89687
342,396,405,49873
487,273,245,39932
428,385,285,29956
192,142,54,99672
404,59,374,49882
273,483,381,49863
487,68,250,39933
286,155,252,59791
178,264,0,99672
221,225,152,89690
200,392,342,69786
246,324,189,79727
102,1,139,89689
299,441,415,49871
255,494,231,69777
418,204,373,39930
494,152,85,59881
310,266,180,69760
1,194,213,89696
203,431,292,69780
367,449,375,39917
246,373,320,69780
325,315,203,69766
315,317,469,59840
392,423,384,39924
408,303,175,59823
132,354,437,69802
272,76,417,59821
242,234,22,99672
255,373,211,69763
177,329,9,89706
254,474,345,59823
201,345,303,69774
104,104,443,79766
134,37,416,79761
262,184,256,59787
369,84,327,49862
357,408,135,59807
305,116,281,59800
86,395,434,69805
165,111,482,79774
354,422,15,69792
450,311,158,49882
216,381,393,69795
95,313,82,99672
487,222,457,39975
364,303,131,59805
263,69,69,79730
358,180,376,59830
120,359,359,69786
153,53,198,89695
246,50,93,89684
27,299,445,79767
108,17,352,79748
408,483,307,39919
171,419,59,89715
347,47,200,69770
248,189,84,89700
116,410,231,79740
290,106,358,59813
165,297,455,79769
498,23,399,39967
429,160,191,49876
290,460,200,59806
440,380,76,49898
457,7,72,59866
333,28,190,69766
65,231,420,79762
453,17,30,59864
421,21,137,49868
58,45,13,99672
319,373,344,49854
423,332,195,39909
316,485,321,49860
121,30,468,79771
295,175,303,59803
280,261,30,79734
176,206,99,89685
440,212,331,39931
357,372,361,49865
376,126,489,49896
75,460,428,69810
426,26,45,59854
407,235,185,59824
493,20,266,39939
222,64,197,89695
354,442,12,69794
262,45,400,59815
42,17,192,89694
367,156,65,69791
398,404,428,39932
152,212,122,89687
279,165,169,69753
392,479,292,39911
52,326,224,79731
495,360,418,30007
351,268,449,59843
416,145,78,59850
185,261,48,99672
173,288,21,99672
408,326,157,49855
149,176,162,89691
375,251,263,49851
74,458,163,79738
164,34,490,79776
240,457,464,69817
485,408,463,20068
462,401,67,49909
262,288,497,59835
392,352,374,39914
181,472,322,69790
201,232,490,79776
266,84,74,79731
344,281,454,59843
92,205,364,79750
25,49,273,79732
133,53,131,89688
316,263,39,79741
36,426,322,69786
86,431,10,89717
184,424,355,69792
142,446,299,69783
433,447,213,39926
338,272,473,59845
399,363,407,39924
500,128,100,49896
374,385,257,39889
244,202,442,79766
398,292,20,69800
426,229,95,49866
149,346,2,89708
60,151,444,79766
374,486,272,39902
286,276,263,59793
271,410,477,49875
204,315,154,89690
151,253,293,79736
275,489,81,69783
318,498,368,49871
283,184,201,69757
469,448,335,29989
450,463,424,30001
192,232,398,79757
186,375,241,69764
168,228,58,99672
177,208,9,99672
86,130,429,79763
295,143,499,59842
129,257,370,79752
346,217,389,59830
243,358,246,69764
486,358,45,49915
64,484,114,79736
13,126,240,79726
477,199,362,39952
418,44,306,39917
498,275,267,39941
173,473,485,69823
51,276,210,89696
336,59,132,69761
139,240,397,79757
429,393,339,29968
43,195,335,79745
147,254,453,79768
58,427,53,89716
193,453,100,79731
260,208,444,59824
497,144,246,39936
448,272,107,49876
380,168,243,49848
4,495,329,69794
463,485,134,39934
270,220,380,59813
422,114,137,49868
353,206,65,79748
97,280,299,79737
480,266,305,39941
74,207,140,89689
348,133,107,69761
184,235,169,89692
303,90,440,59832
347,267,29,79747
163,345,323,69778
406,446,157,49866
247,165,64,99672
70,128,44,99672
269,352,282,49830
343,113,99,69759
284,443,211,59804
2,10,152,89690
308,42,112,69753
341,493,170,59816
301,259,11,79738
165,69,125,89687
385,341,20,59831
38,363,51,89710
158,134,24,99672
15,69,200,89695
467,319,121,49885
340,137,258,59803
161,475,176,79741
402,321,422,39924
303,436,202,59806
340,310,264,59804
282,268,197,69756
450,316,275,39923
27,254,87,99672
107,217,273,79732
125,135,265,79731
237,202,51,99672
187,327,272,69766
272,422,362,49853
342,15,154,69764
341,78,457,59843
71,440,108,79731
421,424,168,39915
445,80,425,39951
191,220,59,99672
301,135,334,59810
400,302,4,69800
477,460,322,29991
190,281,442,79766
230,390,299,69778
211,467,204,79743
303,26,235,59791
18,352,0,89709
21,55,69,99672
254,178,135,79717
492,455,328,29997
401,410,122,49858
404,120,281,49863
179,79,389,79755
459,157,440,39960
173,329,498,69811
386,27,217,59821
188,147,408,79759
220,350,318,69777
260,28,337,59802
446,86,322,39931
244,170,355,79749
488,10,449,39973
